2.7858514741336675 3.2695299797459665 3.9011375798922354 3.7608893995089883 3.6194957373097925 5.022474606211416 2.757505282106264 3.9621789668601526 3.5319752968518703 3.635121351469827
1.7004619805204764 3.1912926289153134 2.745653847506745 1.7595426368155325 2.7906583972154078 3.192452040356771 1.9447744288152735 2.530023065244845 2.1016147324607424 2.3894473436587
2.837068661937497 4.706333017901869 4.839284738370074 3.7149829050523424 4.583310543628385 5.541883136589184 3.3362127582667376 4.580124980396766 3.9674457999637083 3.782950859020387
2.703930727746624 3.843046084088407 4.207699983392744 3.5540807034512696 3.717866698273814 5.31615505541725 2.9520301619940983 4.187190482228318 3.096873464926224 4.340102864130356
2.3443031411834427 3.21610659903491 3.5350549821739894 2.8667568674064965 3.9726784700476316 4.798595233701409 2.3552398617896295 3.241085676171633 2.854666702950061 3.1959130468300523
2.4296593838440894 4.209535656297685 4.842139443727053 3.977021478596063 4.860872836044389 5.790220703095535 2.829554297237712 4.512271696311726 3.231532924029906 4.046171249555996
2.7357740864966233 3.042942852019679 3.283534795897098 3.20283606577154 3.060948246178274 4.710123131691362 2.9167574267426524 3.7284599727663372 3.114706481292024 3.3230454147001396
2.174496678164738 2.5246861049810922 2.6582036735155077 2.31729505745489 2.8518285422406815 3.748911241618748 2.0996031078729827 3.260697628525249 2.256738885904275 2.578542551356069
2.38389691773771 3.9447431645468787 3.4630728003814153 2.483569925431914 3.9152875936826015 4.444366239973925 2.9738394830137693 3.533055415351396 2.80242077073884 3.612248551342088
2.4947905574081193 4.374363714440558 4.454865089583736 3.4857051338105007 4.332173707942661 5.528191742694001 3.272834429735035 4.329184185721409 3.7981416126408427 3.4363910695896047
2.256962956219128 3.407468122753654 3.8601694063181755 3.256870989961993 3.6536575579084167 5.165102744719463 2.7402005141493686 4.1803879318125725 3.1395841419676196 3.103230107096626
2.662783077209361 3.9774756555688118 3.913442095947358 3.135271469205806 4.125605733719135 4.542774197935457 2.964413750536202 3.751535123374487 3.5535301572848628 3.9689467167349735
